v2.0 raw
e 0 44 6 0 0 e 0 
6f 6 0 0 e 0 64 6 
0 0 e 0 61 6 0 0 
e 0 6a 6 0 0 e 0 
d 6 0 0 e 0 41 6 
0 0 e 0 3a 6 0 0 
5 1 0 e 4 1 1 1 
0 e 0 d 6 0 0 e 
0 42 6 0 0 e 0 3a 
6 0 0 5 1 0 e 4 
2 e 2 30 e 0 a 4 
0 0 1 3 0 e 0 9 
e 4 1 2 1 0 e 4 
2 2 2 0 4 0 0 e 
0 d 6 0 0 e 0 57 
6 0 0 e 0 79 6 0 
0 e 0 6e 6 0 0 e 
0 69 6 0 0 e 0 6b 
6 0 0 e 0 20 6 0 
0 e 0 64 6 0 0 e 
0 6f 6 0 0 e 0 64 
6 0 0 e 0 61 6 0 
0 e 0 77 6 0 0 e 
0 61 6 0 0 e 0 6e 
6 0 0 e 0 69 6 0 
0 e 0 61 6 0 0 e 
0 20 6 0 0 e 0 74 
6 0 0 e 0 6f 6 0 
0 e 0 3a 6 0 0 e 
0 20 6 0 0 6 3 0 
e 0 d 6 0 0 e 0 
24 3 0 0 f 