v2.0 raw
e 0 4d 6 0 0 e 0 
69 6 0 0 e 0 61 6 
0 0 e 0 6c 6 0 0 
e 0 65 6 0 0 e 0 
6d 6 0 0 e 0 20 6 
0 0 e 0 74 6 0 0 
e 0 79 6 0 0 e 0 
6c 6 0 0 e 0 6b 6 
0 0 e 0 6f 6 0 0 
e 0 20 6 0 0 e 0 
39 6 0 0 e 0 20 6 
0 0 e 0 6c 6 0 0 
e 0 61 6 0 0 e 0 
74 6 0 0 e 0 20 6 
0 0 e 0 55 6 0 0 
e 0 77 6 0 0 e 0 
69 6 0 0 e 0 65 6 
0 0 e 0 6c 6 0 0 
e 0 62 6 0 0 e 0 
69 6 0 0 e 0 61 6 
0 0 e 0 6c 6 0 0 
e 0 65 6 0 0 e 0 
6d 6 0 0 e 0 20 6 
0 0 e 0 53 6 0 0 
e 0 68 6 0 0 e 0 
72 6 0 0 e 0 65 6 
0 0 e 0 6b 6 0 0 
e 0 61 6 0 0 f 