v2.0 raw
e 0 57 6 0 0 e 0 
79 6 0 0 e 0 62 6 
0 0 e 0 69 6 0 0 
e 0 65 6 0 0 e 0 
72 6 0 0 e 0 7a 6 
0 0 e 0 20 6 0 0 
e 0 44 6 0 0 e 0 
79 6 0 0 e 0 73 6 
0 0 e 0 6b 6 0 0 
e 0 3a 6 0 0 e 0 
20 6 0 0 a 0 0 5 
1 0 e 2 31 e 3 4 
b 0 0 e 0 72 e 3 
0 3 0 0 6 1 0 d 
1 0 e 2 32 e 3 4 
b 0 0 e 0 8D e 3 
0 3 0 0 6 1 0 d 
1 0 e 0 d 6 0 0 
e 0 4e 6 0 0 e 0 
69 6 0 0 e 0 65 6 
0 0 e 0 20 6 0 0 
e 0 6d 6 0 0 e 0 
61 6 0 0 e 0 20 6 
0 0 e 0 64 6 0 0 
e 0 79 6 0 0 e 0 
73 6 0 0 e 0 6b 6 
0 0 e 0 75 6 0 0 
e 0 20 6 0 0 6 1 
0 e 0 d 6 0 0 e 
3 6 b 0 0 e 0 0 
e 3 0 3 0 0 f 