v2.0 raw
e 3 6 b 0 0 e 4 
0 2 3 0 e 0 5A 3 
0 0 e 3 6 b 0 0 
e 4 0 2 3 0 e 0 
262 3 0 0 e 3 6 b 
0 0 e 4 0 2 3 0 
e 0 262 3 0 0 e 3 
6 b 0 0 e 4 0 2 
3 0 e 0 262 3 0 0 
e 3 6 b 0 0 e 4 
0 2 3 0 e 0 262 3 
0 0 e 0 d 6 0 0 
e 0 d 6 0 0 e 0 
d 6 0 0 e 0 d 6 
0 0 e 0 d 6 0 0 
e 0 d 6 0 0 e 0 
d 6 0 0 e 0 d 6 
0 0 e 0 d 6 0 0 
e 0 d 6 0 0 e 0 
d 6 0 0 e 0 d 6 
0 0 e 0 d 6 0 0 
e 3 7 b 0 0 e 0 
4b 6 0 0 e 0 41 6 
0 0 e 0 4c 6 0 0 
e 0 4b 6 0 0 e 0 
55 6 0 0 e 0 4c 6 
0 0 e 0 41 6 0 0 
e 0 54 6 0 0 e 0 
4f 6 0 0 e 0 52 6 
0 0 e 0 d 6 0 0 
e 0 31 6 0 0 e 0 
2e 6 0 0 e 0 20 6 
0 0 e 0 41 6 0 0 
e 0 44 6 0 0 e 0 
44 6 0 0 e 0 d 6 
0 0 e 0 32 6 0 0 
e 0 2e 6 0 0 e 0 
20 6 0 0 e 0 53 6 
0 0 e 0 55 6 0 0 
e 0 42 6 0 0 e 0 
d 6 0 0 e 0 33 6 
0 0 e 0 2e 6 0 0 
e 0 20 6 0 0 e 0 
4d 6 0 0 e 0 55 6 
0 0 e 0 4c 6 0 0 
e 0 54 6 0 0 e 0 
d 6 0 0 e 0 34 6 
0 0 e 0 2e 6 0 0 
e 0 20 6 0 0 e 0 
44 6 0 0 e 0 45 6 
0 0 e 0 56 6 0 0 
e 0 49 6 0 0 e 0 
44 6 0 0 e 0 45 6 
0 0 e 0 d 6 0 0 
e 0 3e 6 0 0 e 0 
20 6 0 0 a 0 0 5 
1 0 6 1 0 e 4 1 
1 1 0 e 3 7 b 0 
0 e 4 1 2 1 0 e 
2 31 e 3 1 b 0 0 
e 4 0 2 3 0 e 0 
13 3 0 0 e 3 7 b 
0 0 e 4 1 2 1 0 
e 2 32 e 3 1 b 0 
0 e 4 0 2 3 0 e 
0 25 3 0 0 e 3 7 
b 0 0 e 4 1 2 1 
0 e 2 33 e 3 1 b 
0 0 e 4 0 2 3 0 
e 0 37 3 0 0 e 3 
7 b 0 0 e 4 1 2 
1 0 e 2 34 e 3 1 
b 0 0 e 4 0 2 3 
0 e 0 49 3 0 0 e 
3 6 b 0 0 e 4 0 
2 3 0 e 0 1 3 0 
0 e 0 d 6 0 0 e 
0 41 6 0 0 e 0 3a 
6 0 0 e 0 20 6 0 
0 a 0 0 5 1 0 6 
1 0 e 4 2 1 1 0 
e 0 d 6 0 0 e 0 
42 6 0 0 e 0 3a 6 
0 0 e 0 20 6 0 0 
a 0 0 5 1 0 6 1 
0 e 4 3 1 1 0 e 
0 a e 4 1 2 1 0 
e 2 28 4 0 0 e 4 
1 1 3 0 e 0 a e 
4 2 2 1 0 e 2 30 
4 0 0 e 4 2 1 3 
0 e 0 a e 4 3 2 
1 0 e 2 30 4 0 0 
e 4 3 1 3 0 e 4 
1 2 0 0 e 4 2 2 
1 0 e 4 3 2 2 0 
4 0 0 e 4 4 1 3 
0 e 0 d 6 0 0 e 
0 3e 6 0 0 e 0 20 
6 0 0 e 0 9 7 3 
1 e 2 30 4 0 0 6 
3 0 e 0 d 6 0 0 
e 4 4 2 3 0 a 0 
0 5 8 0 e 3 6 b 
0 0 e 4 0 2 3 0 
e 0 1 3 0 0 f 0 
0 